% OpenMP results
tinit_omp = [ % N=4    % N=5    % N=6     % N=7   % N=8     % N=9     % N=10
            [0.000091 0.000130 0.000166 0.000091 0.000137 0.000102 0.000121]; % 2 procs
            [0.000111 0.000089 0.000088 0.000106 0.000140 0.000091 0.000177]; % 4 procs
            [0.000089 0.000105 0.000092 0.000092 0.000096 0.000102 0.000097]; % 8 procs
            ];
tcomp_omp = [
            [0.000086 0.000145 0.000185 0.000118 0.000138 0.000237 0.001031]; % 2 procs
            [0.000179 0.000158 0.000159 0.000209 0.000199 0.000217 0.000703]; % 4 procs
            [0.000384 0.000389 0.000415 0.000335 0.000536 0.000423 0.000751]; % 8 procs
            ];

% MPI results
tinit_mpi = [
            [0.231350 0.229594 0.231790 0.229950 0.230433 0.230442 0.230992]; % 2 procs
            [0.236171 0.237075 0.237290 0.237042 0.239944 0.239362 0.238020]; % 4 procs
            [0.258419 0.260889 0.255616 0.255019 0.262587 0.256729 0.257870]; % 8 procs
            ];
tcomp_mpi = [
            [0.000001 0.000003 0.000004 0.000009 0.000028 0.000109 0.000606]; % 2 procs
            [0.000005 0.000008 0.000010 0.000014 0.000033 0.000123 0.000628]; % 4 procs
            [0.000017 0.000021 0.000015 0.000047 0.000099 0.000135 0.000730]; % 8 procs
            ];

% Problem results
best_cost = [105 115 124 145 155 171 207]; % kWh
best_route = [
            [1 4 2 3], % N=4
            [1 4 5 2 3], % N=5
            [1 4 6 5 2 3], % N=6
            [1 4 6 5 3 2 7], % N=7
            [1 4 6 5 8 3 2 7], % N=8
            [1 4 9 6 5 8 3 2 7], % N=9
            [1 10 4 9 6 5 8 3 2 7] % N=10
            ];